0, 0
 2000[00] (iII)[0, 900, 0]
 2000[00] (iII)[0, 901, 0]
 2000[00] (iII)[0, 902, 0]
 2000[00] (iII)[0, 903, 0]

900, 0
 1003[02] (BBBi)[0, 1, 1, 0]
    3[00] (bBBi)[0, 1, 1, 0]
 1003[07] (BBBB)[1, 0, 18, 1]
 2004[04] (iB)[1810800, 1]
 2003[02] (iB)[3, 1]
 2003[02] (iB)[16, 1]
 2003[02] (iB)[11010160, 1]
 2003[02] (iB)[11010700, 1]
 2003[02] (iB)[11010901, 1]
 2003[02] (iB)[11020300, 1]
 2003[02] (iB)[11810000, 1]
 2003[02] (iB)[11810001, 1]
 2003[02] (iB)[11810002, 1]

901, 0
 1003[02] (BBBi)[0, 1, 1, 0]
    3[00] (bBBi)[0, 1, 1, 0]
 1003[07] (BBBB)[1, 0, 18, 1]
 2004[04] (iB)[1810800, 1]
 2003[02] (iB)[2, 1]
 2003[02] (iB)[3, 1]
 2003[02] (iB)[9, 1]
 2003[02] (iB)[16, 1]
 2003[02] (iB)[11010160, 1]
 2003[02] (iB)[61010514, 1]
 2003[02] (iB)[11010700, 1]
 2003[02] (iB)[11010901, 1]
 2003[02] (iB)[11010902, 1]
 2003[02] (iB)[11020300, 1]
 2003[02] (iB)[11400200, 1]
 2003[02] (iB)[11500200, 1]
 2003[02] (iB)[11810000, 1]
 2003[02] (iB)[11810001, 1]
 2003[02] (iB)[11810002, 1]

902, 0
 1003[02] (BBBi)[0, 1, 1, 0]
    3[00] (bBBi)[0, 1, 1, 0]
 1003[07] (BBBB)[1, 0, 18, 1]
 2004[04] (iB)[1810800, 1]
 2003[02] (iB)[2, 1]
 2003[02] (iB)[3, 1]
 2003[02] (iB)[5, 1]
 2003[02] (iB)[9, 1]
 2003[02] (iB)[10, 1]
 2003[02] (iB)[11, 1]
 2003[02] (iB)[12, 1]
 2003[02] (iB)[13, 1]
 2003[02] (iB)[16, 1]
 2003[02] (iB)[200, 1]
 2003[02] (iB)[202, 1]
 2003[02] (iB)[203, 1]
 2003[02] (iB)[204, 1]
 2003[02] (iB)[205, 1]
 2003[02] (iB)[207, 1]
 2003[02] (iB)[710, 1]
 2003[02] (iB)[822, 1]
 2003[02] (iB)[1644, 1]
 2003[02] (iB)[11010700, 1]
 2003[02] (iB)[11010901, 1]
 2003[02] (iB)[11010902, 1]
 2003[02] (iB)[11020100, 1]
 2003[02] (iB)[11020101, 1]
 2003[02] (iB)[11020300, 1]
 2003[02] (iB)[11400200, 1]
 2003[02] (iB)[11500200, 1]
 2003[02] (iB)[11800100, 1]
 2003[02] (iB)[11810000, 1]
 2003[02] (iB)[11810001, 1]
 2003[02] (iB)[11810002, 1]
 2003[02] (iB)[71800026, 1]
 2003[02] (iB)[71800028, 1]
 2003[02] (iB)[71800029, 1]

903, 0
 1003[02] (BBBi)[0, 1, 1, 0]
    3[00] (bBBi)[0, 1, 1, 0]
 1003[07] (BBBB)[1, 0, 18, 1]
 2004[04] (iB)[1810800, 1]
 2003[02] (iB)[2, 1]
 2003[02] (iB)[3, 1]
 2003[02] (iB)[6, 1]
 2003[02] (iB)[7, 1]
 2003[02] (iB)[9, 1]
 2003[02] (iB)[11, 1]
 2003[02] (iB)[12, 1]
 2003[02] (iB)[14, 1]
 2003[02] (iB)[16, 1]
 2003[02] (iB)[200, 1]
 2003[02] (iB)[202, 1]
 2003[02] (iB)[203, 1]
 2003[02] (iB)[205, 1]
 2003[02] (iB)[206, 1]
 2003[02] (iB)[207, 1]
 2003[02] (iB)[710, 1]
 2003[02] (iB)[822, 1]
 2003[02] (iB)[1644, 1]
 2003[02] (iB)[11010700, 1]
 2003[02] (iB)[11010901, 1]
 2003[02] (iB)[11010902, 1]
 2003[02] (iB)[11020100, 1]
 2003[02] (iB)[11020101, 1]
 2003[02] (iB)[11020300, 1]
 2003[02] (iB)[11400200, 1]
 2003[02] (iB)[11500200, 1]
 2003[02] (iB)[11800100, 1]
 2003[02] (iB)[11810000, 1]
 2003[02] (iB)[11810001, 1]
 2003[02] (iB)[11810002, 1]
 2003[02] (iB)[71800026, 1]
 2003[02] (iB)[71800028, 1]
 2003[02] (iB)[71800029, 1]